YEAR    JAN    FEB    MAR    APR    MAY    JUN    JUL    AUG    SEP    OCT    NOV    DEC   D-J-F   M-A-M   J-J-A   S-O-N  metANN
1889   20.9   22.3   20.2   19.6   17.9   14.4   13.8   13.4   16.3   17.7   20.3   20.6    21.6    19.2    13.9    18.1   18.19
1890   20.9   20.9   19.5   18.1   14.2   11.9   12.3   13.3   15.3   17.1   18.6   18.3    20.8    17.3    12.5    17.0   16.89
1891   19.2   20.4   18.5   18.5   16.1   14.7   12.9   13.3   16.2   18.5   19.5   20.6    19.3    17.7    13.6    18.1   17.17
1892   20.0   19.7   19.7   19.3   16.0   13.7   13.2   15.4   15.1   19.0   20.2   20.0    20.1    18.3    14.1    18.1   17.66
1893   19.8   19.9   19.4   18.0   16.2   13.0   12.9   13.0   16.2   18.5   19.4   20.4    19.9    17.9    13.0    18.0   17.19
1894   19.5   20.2   20.3   18.5   16.7   13.4   14.0   14.4   17.0   19.7   20.8   20.3    20.0    18.5    13.9    19.2   17.91
1895   20.0   20.6   20.1   19.3   16.0   13.7   14.3   14.3  999.9  999.9  999.9  999.9    20.3    18.5    14.1   999.9   17.80
1896   21.0   20.5   21.0  999.9  999.9  999.9   13.2   13.7   17.2   19.2   18.7   20.3    20.7   999.9    13.6    18.4   17.79
1897   20.3   19.8   20.7   18.5   16.8   15.1   15.1   14.8   16.5   18.9   21.0   19.9    20.1    18.7    15.0    18.8   18.15
1898   20.0   20.4   19.9   18.6   17.2   14.0   13.7   14.2   17.2   20.2   21.8   20.7    20.1    18.6    14.0    19.7   18.09
1899   21.1   19.8   19.8   19.4   15.8   13.5   13.0   13.0   16.1   19.4   21.2   20.5    20.5    18.3    13.2    18.9   17.73
1900   20.7   20.8   20.7   19.3   16.8   14.7   13.6   15.2   17.5   19.8   21.8   21.2    20.7    18.9    14.5    19.7   18.45
1901   21.7   20.8   20.9   19.0   16.9   15.1   14.4   14.0   16.2   18.3   21.5   19.5    21.2    18.9    14.5    18.7   18.33
1902   21.0   20.1   19.2   19.2   16.7   14.2   14.2   15.8   17.8   19.0   20.7   20.2    20.2    18.4    14.7    19.2   18.12
1903   20.2   19.8   20.1   19.0   17.2   15.3   13.4   14.3   14.7   17.8   19.9   19.9    20.1    18.8    14.3    17.5   17.66
1904   19.4   19.7   19.6   18.1   16.8   13.9   12.9   14.3   15.0   19.4   21.3   20.5    19.7    18.2    13.7    18.6   17.52
1905   20.4   19.9   19.3   17.6   17.0   15.7   13.4   14.6   18.3   19.6   19.6   19.9    20.3    18.0    14.6    19.2   17.99
1906   21.3   20.3   20.6   19.0   16.5   14.2   13.4   13.7   15.7   18.2   19.8   19.9    20.5    18.7    13.8    17.9   17.72
1907   20.1   20.0   19.1   18.5   16.5   14.4   12.3   14.1   16.4   20.2   20.3   19.4    20.0    18.0    13.6    19.0   17.65
1908   20.4   19.7   20.2   18.7   15.7   15.0   13.5   14.8   17.1   20.2   20.9   19.7    19.8    18.2    14.4    19.4   17.97
1909   19.8   19.9   19.6   18.5   15.8   13.1   14.4   14.1   17.1   17.8   20.5   21.4    19.8    18.0    13.9    18.5   17.52
1910   20.3   20.1   19.6   18.9   15.9   13.4   13.2   14.3   16.5   19.3   18.6   19.2    20.6    18.1    13.6    18.1   17.62
1911   19.9   19.2   19.2   17.2   15.7   13.8   13.8   14.1   16.4   19.3   19.9   21.2    19.4    17.4    13.9    18.5   17.31
1912   20.8   19.6   20.6   19.0   17.1   14.6   13.6   14.7   17.7   19.4   21.4   20.2    20.5    18.9    14.3    19.5   18.31
1913   19.5   19.6   20.4   17.6   17.4   14.0   13.0   15.1   16.7   20.0   20.0   19.6    19.8    18.5    14.0    18.9   17.79
1914   19.7   20.6   19.8   18.9   16.6   15.0   13.3   14.7   16.9   19.0   19.4   21.1    20.0    18.4    14.3    18.4   17.79
1915   20.4   20.3   19.9   19.4   16.8   14.2   14.3   13.5   15.9   20.1   20.3   20.1    20.6    18.7    14.0    18.8   18.02
1916   20.3   19.7   20.0   18.8   16.1   14.1   12.1   14.4   16.1   18.9   18.9   18.6    20.0    18.3    13.5    18.0   17.46
1917   19.4   18.6   19.0   18.2   17.2   14.7   14.2   14.2   15.7   16.9   19.6   18.8    18.9    18.1    14.4    17.4   17.19
1918   20.4   19.4   19.4   17.8   16.0   14.6   13.1   13.7   16.2   19.4   20.1   20.3    19.5    17.7    13.8    18.6   17.41
1919   20.3   20.2   20.0   17.6   15.1   14.1   12.5   15.4   17.7   18.9   21.1   20.7    20.3    17.6    14.0    19.2   17.77
1920   20.0   19.7   19.5   17.5   16.5   13.1   12.3   14.4   17.7   20.1   19.7   19.4    20.1    17.8    13.3    19.2   17.60
1921   19.7   19.7   19.0   17.6   16.1   14.0   13.4   14.2   16.5   19.6   19.9   19.3    19.6    17.6    13.9    18.7   17.43
1922   19.2   19.6   19.6   16.7   15.9   13.5   12.4   14.1   15.5   18.4   20.2   20.5    19.4    17.4    13.3    18.0   17.03
1923   20.7   20.2   20.3   19.1   17.1   14.3   14.3   13.6   17.1   19.3   20.9   20.3    20.5    18.8    14.1    19.1   18.12
1924   20.3   19.9   20.5   18.2   16.9   14.4   14.1   14.7   16.7   18.7   20.0   19.7    20.2    18.5    14.4    18.5   17.89
1925   19.9   19.9   19.4   19.0   18.6   15.7   14.7   13.9   18.1   19.5   20.0   20.3    19.8    19.0    14.8    19.2   18.20
1926   21.1   20.7   21.1   20.0   17.3   15.9   14.3   15.1   17.8   19.7   21.4   20.6    20.7    19.5    15.1    19.6   18.72
1927   20.2   20.3   19.4   18.7   16.6   14.5   12.9   14.8   16.7   19.4   20.2   21.0    20.4    18.2    14.1    18.8   17.86
1928   21.4   20.4   20.3   19.7   17.4   14.1   13.6   14.5   16.5   19.6   20.6   20.1    20.9    19.1    14.1    18.9   18.26
1929   20.8   18.8   20.8   19.2   16.5   15.1   14.4   14.6   16.7   20.4   20.8   19.7    19.9    18.8    14.7    19.3   18.18
1930   19.4   20.5   19.6   18.6   15.3   13.8   13.2   13.4   17.9   18.7   20.7   20.4    19.9    17.8    13.5    19.1   17.57
1931  999.9  999.9  999.9  999.9  999.9  999.9  999.9  999.9  999.9  999.9  999.9  999.9   999.9   999.9   999.9   999.9  999.90
1932   20.3   19.6   19.9   17.7   15.1   14.0   13.5   14.2   15.5   18.1   20.6   19.8    19.9    17.6    13.9    18.1   17.36
1933   20.1   19.3   19.0   18.3   16.1   13.8   13.4   14.1   14.9   18.8   20.7   19.9    19.7    17.8    13.8    18.1   17.36
1934   19.7   19.7   20.0   18.5   16.4   12.7   13.3   12.8   15.2   18.2   19.8   19.2    19.8    18.3    12.9    17.7   17.18
1935   19.9   19.6   20.1   18.0   16.9   14.3   12.0   14.5   17.0   19.1   19.4   19.7    19.6    18.3    13.6    18.5   17.50
1936   19.8   20.9   20.2   18.6   16.7   13.7   13.2   13.6   16.1   19.8   20.3   19.7    20.1    18.5    13.5    18.7   17.72
1937   19.7   20.1   19.3   18.5   15.9   14.9   13.3   13.9   17.4   18.4   21.5   20.3    19.8    17.9    14.0    19.1   17.72
1938   20.4   20.1   20.2   19.0   16.9   13.7   14.1   14.7   16.3   18.6   19.0   20.6    20.3    18.7    14.2    18.0   17.77
1939   20.4   20.4   19.7   18.6   16.8   14.6   13.9   13.7   16.7   19.0   20.3  999.9    20.5    18.4    14.1    18.7   17.89
1940  999.9  999.9  999.9  999.9  999.9  999.9  999.9  999.9  999.9  999.9  999.9  999.9   999.9   999.9   999.9   999.9  999.90
1941   19.5   20.8   20.9   19.6   16.9   15.4   14.0   15.0   17.5   19.4   20.3   21.1    20.1    19.1    14.8    19.1   18.28
1942   21.0   21.2   21.1   19.3   16.5   14.7   13.7   15.0   17.3   17.8   20.4   20.7    21.1    19.0    14.5    18.5   18.26
1943   20.3   20.0   20.0   19.5   16.6   14.4   13.4   14.8   14.7   18.3   20.2   20.6    20.3    18.7    14.2    17.7   17.74
1944   20.4   20.9   20.0   18.6   16.9   16.4   13.7   14.8   17.2   18.3   20.4   20.1    20.6    18.5    15.0    18.6   18.18
1945   21.1   19.8   20.5   19.6   16.2   13.9   13.2   14.2   16.5   20.3   19.8   20.0    20.3    18.8    13.8    18.9   17.93
1946   20.4   20.9   19.8   18.6   16.6   14.2   14.1   14.6   14.9   19.1   19.6   20.5    20.4    18.3    14.3    17.9   17.73
1947   20.9   21.0   19.4   19.2   16.7   14.4   14.9   13.6   16.2   18.4   19.6   20.8    20.8    18.4    14.3    18.1   17.90
1948   20.5   20.5   20.2   19.7   18.0   14.9   14.1   14.3   16.1   18.4   20.0   19.6    20.6    19.3    14.4    18.2   18.12
1949   20.9   20.7   20.1   18.4   16.6   14.4   13.8   15.1   17.0   19.5   20.5   20.9    20.4    18.4    14.4    19.0   18.05
1950   20.9  999.9  999.9  999.9  999.9  999.9  999.9  999.9  999.9  999.9  999.9  999.9    20.9   999.9   999.9   999.9  999.90
1951  999.9  999.9  999.9  999.9  999.9  999.9  999.9  999.9   16.3   18.7   19.4   20.1   999.9   999.9   999.9    18.1  999.90
1952   20.1   20.7   20.7   19.1   17.4   14.1   14.1   14.7   16.3   17.7   18.5   19.8    20.3    19.1    14.3    17.5   17.79
1953   20.1   20.1   20.4   19.1   16.9   16.6   14.8   14.2   15.9   17.6   20.5   20.7    20.0    18.8    15.2    18.0   18.00
1954   20.2   21.0   20.1   19.1   17.3   15.3   14.7   14.9   15.9   19.3   19.6   20.4    20.6    18.8    15.0    18.3   18.17
1955   20.8   20.8   20.1   18.2   16.7   14.4   14.6   15.3   16.5   19.1   20.2   20.3    20.7    18.3    14.8    18.6   18.09
1956   19.8   19.4   20.0   18.6   15.7   14.3   14.1   14.7   16.5   18.7   20.7   20.7    19.8    18.1    14.4    18.6   17.73
1957   21.2   20.0   20.0   18.6   16.5   15.3   14.1   15.0   16.8   18.7   20.9   20.7    20.6    18.4    14.8    18.8   18.15
1958   20.8   21.0   21.0   19.8   16.2   14.6   14.5   15.3   17.3   18.0   20.1   20.4    20.8    19.0    14.8    18.5   18.27
1959   20.6   20.7   20.1   18.4   16.9   15.1   13.6   14.6   16.4   17.7   20.5   21.1    20.6    18.5    14.4    18.2   17.92
1960   21.0   20.4   19.3   18.6   17.3   15.4   14.1   14.3   15.3   17.1   18.5   19.5    20.8    18.4    14.6    17.0   17.70
1961   20.8   21.5   20.7   20.3   18.8   16.1   15.1   14.9   15.8   19.3   20.7   20.6    20.6    19.9    15.4    18.6   18.62
1962   21.3   20.9   20.3   19.0   16.1   14.6   13.8   14.5   16.0   17.2   19.9   20.7    20.9    18.5    14.3    17.7   17.85
1963   20.5   20.6   20.1   19.8   16.2   15.0   14.5   13.9   15.8   19.4   19.1   20.3    20.6    18.7    14.5    18.1   17.97
1964   20.7   21.5   20.3   18.9   16.0   15.0   13.6   14.0   15.6   17.3   20.1   19.7    20.8    18.4    14.2    17.7   17.77
1965   19.6   20.3   19.1   18.5   15.8   14.6   14.1   14.8   16.2   17.6   19.2   20.1    19.9    17.8    14.5    17.7   17.46
1966   20.5   20.5   19.4   19.7   18.2   15.1   14.0   14.6   17.3   17.7   19.9   20.6    20.4    19.1    14.6    18.3   18.08
1967   20.9   21.0   21.0   19.6   17.5   15.4   15.3   14.7   16.7   18.9   19.5   20.1    20.8    19.4    15.1    18.4   18.42
1968   20.0   20.3   20.1   18.9   16.9   14.9   13.8   14.4   16.1   18.2   19.5   20.0    20.1    18.6    14.4    17.9   17.77
1969  999.9  999.9  999.9  999.9  999.9   14.7   14.5   14.2   17.6   20.3   21.3   21.9   999.9   999.9    14.5    19.7  999.90
1970   21.3  999.9   21.5   19.5   17.3   15.1   14.9   14.5   16.1   19.3   21.0   20.6    21.6    19.4    14.8    18.8   18.67
1971   19.9   20.6   19.9   19.1   16.7   14.4   14.5   14.0   16.3   18.4   19.7   20.2    20.4    18.6    14.3    18.1   17.84
1972   20.4   20.0   19.3   19.5   17.9   14.6   15.2   16.2   16.8   18.8   20.4   20.7    20.2    18.9    15.3    18.7   18.27
1973   20.6   20.7   20.6   19.1   17.4   15.4   14.4   14.4   17.2   18.8   20.6   19.9    20.7    19.0    14.7    18.9   18.32
1974   19.8   19.7   19.2   19.3   17.6   14.6   14.0   14.6   16.0   18.2   20.2   20.2    19.8    18.7    14.4    18.1   17.76
1975   20.6   20.1   20.0   19.6   17.1   14.8   14.4   13.7   15.4   17.9   19.2   19.8    20.3    18.9    14.3    17.5   17.75
1976   19.5   20.2   19.8   19.5   17.6   15.0   15.0   15.8   16.8   18.7   20.0   20.4    19.8    19.0    15.3    18.5   18.14
1977   20.7   20.2   20.5   19.2   18.0   15.6   14.4   16.0   16.7   19.8   20.0   20.9    20.4    19.2    15.3    18.8   18.46
1978   21.7   21.6   19.6   19.3   17.0   15.6   14.6   14.5   18.1   19.4   19.6   20.3    21.4    18.6    14.9    19.0   18.49
1979   20.7   20.3   20.4   18.8   16.8   14.2   14.1   15.1   17.6   19.4   20.1   20.7    20.4    18.7    14.5    19.0   18.15
1980   20.8   21.1   20.8   20.0   17.1   15.4   14.4   14.2   16.5   19.1   20.3   20.3    20.9    19.3    14.7    18.6   18.37
1981   21.1   21.0   20.7   19.1   16.8   15.2   13.9   15.8   16.7   19.3   20.2   20.7    20.8    18.9    15.0    18.7   18.34
1982   20.4   20.9   20.5   19.7   17.2   15.8   15.8   15.4   16.7   18.5   20.1   20.2    20.7    19.1    15.7    18.4   18.47
1983   20.7   21.8   21.2   19.6   17.8   15.8   14.9   15.0   16.4   19.0   20.9   20.3    20.9    19.5    15.2    18.8   18.61
1984   20.7   20.7   20.1   18.8   17.0   14.5   13.2   14.3   17.1   18.3   19.8   20.7    20.6    18.6    14.0    18.4   17.90
1985   21.0   20.7   20.2   18.8   16.8   14.9   14.6   14.7   16.2   17.1   19.5   20.4    20.8    18.6    14.7    17.6   17.93
1986   20.8   20.9   20.0   19.7   16.9   13.3   13.5   14.8   16.4   18.4   19.7   20.5    20.7    18.9    13.9    18.2   17.90
1987   20.8   21.3   21.2   19.8   17.2   14.5   15.7   15.1   17.0   19.5   19.7   21.9    20.9    19.4    15.1    18.7   18.52
1988   21.3   20.7   20.6   19.9   16.3   15.8   14.7   15.1   16.1   19.0   19.7   20.3    21.3    18.9    15.2    18.3   18.43
1989   20.6   20.3   20.5   18.9   16.4   14.9   14.4   14.1   16.3   18.6   19.4   20.1    20.4    18.6    14.5    18.1   17.89
1990   20.8   21.1   20.7   20.0   17.1   15.1   13.4   15.3   17.2   19.3   18.7   19.7    20.7    19.3    14.6    18.4   18.23
1991   21.4   20.9   20.5   19.3   17.8   15.0   13.5  999.9  999.9  999.9  999.9  999.9    20.7    19.2    14.3   999.9   18.24
1992   21.0  999.9   21.8   19.6   17.6  999.9  999.9  999.9  999.9  999.9  999.9  999.9   999.9    19.7   999.9   999.9  999.90
1993  999.9  999.9  999.9  999.9  999.9   15.9  999.9  999.9   15.9  999.9  999.9  999.9   999.9   999.9   999.9   999.9  999.90
1994  999.9  999.9  999.9  999.9  999.9  999.9   12.9  999.9  999.9   19.1   20.3   21.0   999.9   999.9   999.9    18.7  999.90
1995   20.6  999.9   21.0   19.8   17.4   15.4   14.3   15.0   17.3  999.9  999.9   20.8    20.8    19.4    14.9   999.9   18.54
1996   20.6   20.3   20.8   20.0   17.4   15.2   14.2  999.9  999.9   17.9   20.8   20.4    20.6    19.4    14.8    18.4   18.28
1997   20.2   20.5   20.9   19.9   17.5   15.2   14.0   15.3  999.9   18.4  999.9   21.3    20.4    19.4    14.8   999.9   18.38
1998  999.9   22.0   21.9   20.0   18.0   15.8   14.1   15.5   17.0   19.0   20.3   20.7    21.7    20.0    15.1    18.8   18.89
1999   20.7   21.5  999.9   19.2   17.9   15.3  999.9   15.0   17.2   18.6   19.5  999.9    21.0    19.3    14.9    18.4   18.40
2000   21.2   20.3   20.0   20.0   18.1   15.1   14.7  999.9   16.3   19.2  999.9   20.9    20.7    19.4    15.0    18.6   18.41
2001   21.3  999.9   22.4   20.1   17.9  999.9  999.9  999.9  999.9   18.9  999.9  999.9    21.1    20.1   999.9   999.9  999.90
2002  999.9  999.9   21.1  999.9   17.7   14.9   15.1   16.5   17.2   18.9  999.9   21.0   999.9    19.6    15.5    18.9   18.77
2003   20.8   21.1   21.2   20.1   19.3   15.3  999.9   15.0   16.9   19.8   20.7   20.7    21.0    20.2    14.9    19.1   18.80
2004  999.9   21.0   20.4   19.7   16.8   14.5   14.4   15.5   19.0  999.9   19.9  999.9    20.9    19.0    14.8    19.6   18.57
2005   21.7  999.9   21.6  999.9  999.9   16.0   14.4  999.9  999.9  999.9  999.9  999.9   999.9   999.9    15.3   999.9  999.90
2006  999.9  999.9  999.9  999.9  999.9  999.9  999.9  999.9  999.9  999.9  999.9  999.9   999.9   999.9   999.9   999.9  999.90
2007  999.9  999.9  999.9  999.9  999.9  999.9  999.9  999.9  999.9  999.9  999.9  999.9   999.9   999.9   999.9   999.9  999.90
2008  999.9  999.9  999.9  999.9  999.9  999.9  999.9  999.9  999.9  999.9  999.9  999.9   999.9   999.9   999.9   999.9  999.90
2009  999.9  999.9  999.9  999.9  999.9  999.9  999.9  999.9  999.9  999.9  999.9  999.9   999.9   999.9   999.9   999.9  999.90
2010  999.9  999.9  999.9  999.9   19.2  999.9   14.7   15.3  999.9   20.6   20.0   21.4   999.9   999.9    15.1    19.3  999.90
2011  999.9  999.9   20.7   20.8  999.9   16.6   15.2  999.9  999.9  999.9   20.9   21.7   999.9    19.8    16.0   999.9  999.90
2012   20.6   21.2   20.5   20.0   17.6   15.8   13.8   15.5  999.9   19.7   20.8   21.6    21.2    19.4    15.0    19.3   18.71
2013   21.3  999.9   21.4   19.7   17.9   14.3  999.9   14.7   17.4   19.2   21.6   21.6    21.4    19.7    14.3    19.4   18.70
2014   21.0   21.3  999.9   19.4   17.4   15.7   14.9   16.1   16.9   21.3   21.2  999.9    21.3    19.2    15.6    19.8   18.95
2015  999.9   20.7   20.8   20.9   18.2   16.3   15.0   15.4   16.9   19.6   20.6   22.0   999.9    20.0    15.6    19.0   18.99
2016   21.6   21.8   21.9   20.3   16.4   14.0   13.9   15.6   16.7   19.8  999.9   21.6    21.8    19.5    14.5    19.1   18.72
2017   21.4   21.9   21.3   19.5   17.8   16.0   15.0   15.8   17.2   20.0  999.9  999.9    21.6    19.5    15.6   999.9  999.90

